#INFOFILE1.1 - Do not remove this line!
FileIdent = CarMaker-SoundLobeMap
FileCreator = CarMaker 2019-12-13 13:41:41
Description:
	Utrasonic RSI Sound Lobe Map

SoundLobe.Type = SPA

SoundLobe.FoV = 180.0  180.0
SoundLobe.DeltaFoV = 5.0  5.0
SoundLobe.SPA0Range = 0.4

SoundLobe.Map:
	1.219718176	1.197182874	1.126760193	1.056338225	0.952113001	0.822535206	0.726760802	0.597183082	0.481690405	0.374648067	0.287324061	0.205633797	0.174647951	0.12957747	0.123943711	0.118309875	0.118309875	0.121126731	0.119710018	0.118309875	0.118309875	0.118309875	0.123943711	0.146478875	0.211267647	0.259154942	0.329577455	0.433802945	0.54084522	0.656337919	0.822535206	0.915492932	1.033802304	1.104224797	1.197182874	1.24507065	1.24507065
	1.219718176	1.24370022	1.217987761	1.18951306	1.114038975	1.005339424	0.925904741	0.79391848	0.668814895	0.546209348	0.425350674	0.321619047	0.251176394	0.192975451	0.18411067	0.172427768	0.173615081	0.174388715	0.180259638	0.174388655	0.173615081	0.17254184	0.189706809	0.229698582	0.300615545	0.388849586	0.491800749	0.614434601	0.761073827	0.875825637	1.031936842	1.107767066	1.206604881	1.246448274	1.291830569	1.29314004	1.24507065
	1.219718176	1.291835485	1.317035881	1.340234868	1.305933003	1.233262235	1.182635764	1.030281108	0.872748914	0.71973208	0.567731855	0.437267281	0.337061897	0.269080164	0.24058435	0.229942323	0.226304738	0.233235343	0.230968629	0.233191609	0.22647159	0.230200221	0.254154404	0.324067835	0.406053043	0.518090967	0.65273828	0.80643802	0.993347435	1.135104148	1.298064468	1.344396671	1.410127531	1.407359193	1.393953511	1.342681029	1.24507065
	1.219718176	1.34125202	1.423786944	1.509630292	1.527928039	1.441075114	1.349626848	1.2303991	1.054100319	0.849196641	0.660155147	0.502334293	0.379411536	0.322875408	0.265943388	0.235185627	0.228553557	0.228168925	0.222535087	0.228233951	0.229835037	0.256048543	0.303408402	0.374417977	0.457201243	0.580843239	0.740302241	0.962815706	1.172969497	1.34043822	1.484751664	1.568090716	1.644226947	1.588089837	1.503296513	1.393325188	1.24507065
	1.219718176	1.391560122	1.537924081	1.689919816	1.687958591	1.638889702	1.556296751	1.305738205	1.03894371	0.806995881	0.655215227	0.554604856	0.450760288	0.358816782	0.316567215	0.266709451	0.240577676	0.228696941	0.225334399	0.227097151	0.255188362	0.289083124	0.356475113	0.43825045	0.528782972	0.630386943	0.735875275	0.908111778	1.144434227	1.423347057	1.698166366	1.781479292	1.822698791	1.784317121	1.619391302	1.444650661	1.24507065
	1.219718176	1.442317607	1.658501837	1.802724394	1.864929583	1.824750889	1.530145341	1.253944355	1.056140279	0.944271349	0.819869216	0.699089403	0.58465648	0.491222897	0.413595801	0.378939497	0.352651376	0.334717229	0.332382382	0.341291183	0.371899884	0.413513574	0.468605252	0.538750045	0.641211116	0.793002362	0.92889586	1.037639482	1.151608704	1.351757836	1.676105318	1.983120051	2.020724473	1.920287187	1.741524216	1.496183708	1.24507065
	1.219718176	1.493032315	1.781626952	1.920888018	2.03654354	1.817677014	1.53697654	1.36864345	1.269628291	1.152506746	0.993614338	0.834707792	0.699309724	0.636714945	0.56521169	0.515355439	0.480532586	0.456715523	0.456337854	0.471628612	0.506086716	0.547426758	0.636135979	0.701791913	0.778173076	0.922953123	1.093024848	1.258964019	1.348560529	1.464284211	1.629635645	1.949923799	2.237400735	2.063926601	1.868708759	1.547402329	1.24507065
	1.219718176	1.54316679	1.87512811	2.074527135	2.041323387	1.81674423	1.647869174	1.541756168	1.403377292	1.257476947	1.134479291	1.039440804	0.948130362	0.830526722	0.770412109	0.696814435	0.664685567	0.644017836	0.639411578	0.638176159	0.675500338	0.745049948	0.819816409	0.904859241	1.026980243	1.132275257	1.248374854	1.35901158	1.489343283	1.702975842	1.738022577	1.930068553	2.243015461	2.213668491	1.952773503	1.597742131	1.24507065
	1.219718176	1.592145241	1.968610915	2.255180332	2.058289546	1.855389675	1.756062635	1.645530335	1.482139355	1.401479172	1.329980967	1.252986155	1.196573016	1.081448441	1.014390418	0.964238228	0.941682684	0.917514453	0.915492932	0.938746402	0.961075353	1.004443757	1.067905223	1.135161107	1.260476438	1.33690771	1.417389195	1.543341218	1.569368508	1.855203595	1.87030728	1.962735574	2.230412332	2.367990404	2.035557095	1.646604549	1.24507065
	1.219718176	1.63936286	2.06181397	2.352744643	2.088664851	1.936962269	1.847642126	1.775623239	1.715913365	1.698054799	1.601545394	1.493367346	1.466275208	1.407169744	1.327732745	1.287778535	1.260541939	1.224447027	1.219718176	1.247909871	1.268013929	1.308573556	1.345765841	1.453808519	1.538261449	1.545061771	1.678971698	1.802905452	1.820960768	1.9668603	1.997696919	2.031817779	2.218847562	2.427322029	2.117252236	1.693367388	1.24507065
	1.219718176	1.685606177	2.139765077	2.349017088	2.100666943	1.993648128	1.997396961	1.987540016	2.003783553	1.976454084	1.921061332	1.850456765	1.790713421	1.745835493	1.704689677	1.656547059	1.633727634	1.600203171	1.590124927	1.595389741	1.626941341	1.674158937	1.718674781	1.831134877	1.879788314	1.924317371	2.02956287	2.080768101	2.158346075	2.139623021	2.127480207	2.103984546	2.213458179	2.418012538	2.196787186	1.737397517	1.24507065
	1.219718176	1.72891689	2.21325415	2.328110434	2.145628295	2.059941	2.163348986	2.230738781	2.257127081	2.190872546	2.240355767	2.224785518	2.183816047	2.141913881	2.113805048	2.095703285	2.08802986	2.079920465	2.053520278	2.075192436	2.090544714	2.141585426	2.215789444	2.218189153	2.305216032	2.321310677	2.372192895	2.367774638	2.402772733	2.330027419	2.27562912	2.186389518	2.245241503	2.414181067	2.273027384	1.778065404	1.24507065
	1.219718176	1.768643827	2.28169047	2.321218164	2.177705135	2.188668708	2.380339402	2.427792939	2.430368251	2.479017133	2.526486132	2.576802421	2.622723065	2.627032031	2.620786472	2.583380793	2.59691747	2.544392173	2.553349388	2.544392173	2.594224098	2.63456755	2.637349445	2.655484143	2.676847598	2.685073355	2.641329446	2.559856507	2.547383515	2.534311258	2.440201157	2.295008015	2.279890189	2.415431012	2.344801291	1.814761042	1.24507065
	1.219718176	1.804175901	2.344309232	2.361796323	2.225941753	2.325841202	2.541270845	2.602475283	2.575469388	2.705318446	2.810871566	2.921554623	3.024368617	3.105756009	3.105671917	3.087933878	3.091783878	3.077491545	3.080138503	3.076407761	3.108321917	3.131244558	3.113770064	3.137039694	3.088919501	3.001779906	2.923551613	2.766059994	2.690563837	2.660713555	2.581658194	2.403188925	2.302032472	2.421791459	2.397693362	1.846910637	1.24507065
	1.219718176	1.834944283	2.398806472	2.406568652	2.261703375	2.465745733	2.660594752	2.706819468	2.787196981	2.967591419	3.149954933	3.319665662	3.400047957	3.478192139	3.525021802	3.549061873	3.590906627	3.572775207	3.580280026	3.572450241	3.614375366	3.607775673	3.601427073	3.54732434	3.514620072	3.371530695	3.218380958	3.022586983	2.879518263	2.764724546	2.692382817	2.504926012	2.321496611	2.424351726	2.441898441	1.873993381	1.24507065
	1.219718176	1.860439549	2.444738988	2.417732619	2.293738398	2.576088899	2.748807574	2.83364385	2.992295388	3.223548519	3.453921089	3.643295119	3.770858825	3.899420727	3.992356388	4.051159282	4.004642225	4.038864975	4.050703877	4.071629632	4.063095201	4.098182945	4.051208879	3.957003556	3.836374396	3.701498004	3.480107281	3.298171781	3.053162187	2.853224022	2.780004163	2.596611454	2.345732978	2.417732619	2.477235851	1.895557498	1.24507065
	1.219718176	1.88022782	2.481371311	2.41102418	2.30717437	2.667713138	2.796189223	2.897689772	3.156589113	3.461377755	3.692972317	3.897503659	4.055952803	4.188565863	4.280800632	4.343786697	4.379330961	4.38887035	4.399998168	4.433412602	4.436207992	4.437602217	4.36666296	4.26850014	4.115207233	3.94101798	3.710189246	3.470390499	3.194219201	2.904863686	2.842599882	2.668184154	2.350179116	2.41102418	2.503004264	1.911234777	1.24507065
	1.219718176	1.893965065	2.507956926	2.40698329	2.325725599	2.721105988	2.838823166	2.948544165	3.283441604	3.567243273	3.846458464	4.068518654	4.283116892	4.389161547	4.515231336	4.581993854	4.608685576	4.588653116	4.636619909	4.646510614	4.666265705	4.640909056	4.581333925	4.488858221	4.325427193	4.122338208	3.893952895	3.567223727	3.273743052	2.93338978	2.846267607	2.690932717	2.347405225	2.40698329	2.518680823	1.920752816	1.24507065
	1.219718176	1.901408783	2.523942727	2.405633681	2.346478048	2.757747475	2.876057044	2.991548138	3.346478165	3.639435238	3.932393736	4.107040596	4.343661722	4.45915425	4.577464614	4.636619909	4.636619909	4.695777339	4.695777339	4.695777339	4.695777339	4.695777339	4.636619909	4.518309701	4.343661722	4.166198859	3.873240779	3.639435238	3.287323888	2.935212145	2.816900427	2.698590553	2.346478048	2.405633681	2.523942727	1.923944304	1.24507065
	1.219718176	1.898191022	2.518452674	2.40698329	2.347405225	2.748710025	2.873019055	2.987957486	3.332796235	3.626166625	3.90537215	4.126275926	4.287529837	4.435485094	4.522174815	4.581747816	4.607105418	4.588620112	4.636619909	4.587349502	4.593295827	4.59145875	4.563326183	4.435710449	4.283116892	4.068518654	3.846458464	3.567002405	3.273743052	2.931530659	2.813861104	2.690932717	2.325725599	2.391002018	2.518680823	1.918776433	1.24507065
	1.219718176	1.888595274	2.502099353	2.41102418	2.350179116	2.7218867	2.849060241	2.954844899	3.223282138	3.518520328	3.769404894	3.95637477	4.112093571	4.246360063	4.31372229	4.378438719	4.379377395	4.37422057	4.399998168	4.350822742	4.379330961	4.320227019	4.308273907	4.214559429	4.0754903	3.897503659	3.680149924	3.413205347	3.156589113	2.874506191	2.796189223	2.667713138	2.30717437	2.379251909	2.503004264	1.907318791	1.24507065
	1.219718176	1.872792105	2.475228183	2.417732619	2.350307624	2.643608265	2.794151384	2.899295596	3.07421831	3.333181007	3.539390961	3.701498004	3.816668946	3.946367042	3.99709168	4.038981424	4.040156197	4.023139883	3.991549282	3.982484244	3.989969474	3.995413964	3.933197505	3.887638651	3.770858825	3.643295119	3.453921089	3.223548519	2.972223658	2.79420378	2.748807574	2.553725974	2.28746501	2.370439922	2.477235851	1.889772131	1.24507065
	1.219718176	1.851059144	2.438398258	2.424351726	2.336395878	2.543323275	2.717262286	2.823901929	2.914383625	3.08189143	3.266465923	3.384444119	3.515922858	3.551467617	3.598857727	3.605804133	3.614375366	3.571738883	3.580280026	3.521193979	3.533028014	3.527864005	3.509839753	3.43384652	3.392125728	3.27302827	3.138271398	2.967591419	2.787196981	2.706819468	2.636350026	2.430556883	2.257436375	2.371359061	2.441898441	1.866439869	1.24507065
	1.219718176	1.823771507	2.392358729	2.422124474	2.32497858	2.445832165	2.626815726	2.719905716	2.742370842	2.825251402	2.97432631	3.049255922	3.122193698	3.164014077	3.165035237	3.131244558	3.108321917	3.08287243	3.050703467	3.024602494	3.023224429	3.029251014	3.058381357	3.047718598	3.005148394	2.921554623	2.810871566	2.707127768	2.62236499	2.62053494	2.526151857	2.323016654	2.226153423	2.353110842	2.396524259	1.837717817	1.24507065
	1.219718176	1.791389186	2.337341122	2.422636388	2.308670494	2.34944889	2.498769901	2.593366594	2.590540674	2.619127862	2.6834882	2.749042126	2.73028026	2.714158092	2.687371777	2.675334271	2.614240354	2.602554311	2.523942727	2.543507944	2.545107239	2.563487986	2.529723183	2.586938772	2.611888646	2.576802421	2.526486132	2.479017133	2.456367777	2.478990241	2.387971712	2.205202139	2.187886216	2.340118259	2.337156954	1.804081143	1.24507065
	1.219718176	1.754442085	2.26312975	2.426264478	2.267570997	2.24556879	2.33346406	2.364018437	2.431979029	2.426957787	2.416660963	2.396901128	2.307031626	2.277642503	2.251012716	2.234369703	2.150127582	2.12253953	2.112676471	2.079920465	2.072587315	2.05839951	2.135117306	2.099935844	2.137152789	2.214060975	2.240355767	2.190872546	2.257127081	2.243158981	2.167254535	2.081502646	2.151618091	2.342095306	2.259530221	1.766069272	1.24507065
	1.219718176	1.713513518	2.184337784	2.43297572	2.232110632	2.162527721	2.180479429	2.147252645	2.19998643	2.104396532	2.038773318	1.983250971	1.92405149	1.889884725	1.777846474	1.759585655	1.683597731	1.621841134	1.583098712	1.595296643	1.623400141	1.633915796	1.668749381	1.722842544	1.751130563	1.813914836	1.908537626	1.976454084	2.003783553	1.987540016	2.009099201	2.011288247	2.101538178	2.35155412	2.177769728	1.724269503	1.24507065
	1.219718176	1.669222986	2.102201184	2.43409062	2.225284293	2.089510478	2.02864391	1.97047297	1.880617473	1.802905452	1.678971698	1.601851683	1.590953916	1.507337455	1.424894414	1.351404476	1.310592295	1.293053462	1.267605152	1.260684028	1.264983693	1.27504962	1.310786497	1.36882118	1.439759911	1.470331992	1.576166826	1.696478765	1.730034757	1.787146749	1.867054836	1.947891452	2.092720533	2.354658374	2.092756787	1.679280273	1.24507065
	1.219718176	1.622209062	2.017913823	2.365408602	2.230412332	2.019502651	1.882471607	1.855203595	1.628676953	1.549602055	1.420041761	1.341264084	1.282193542	1.180991595	1.113873498	1.027394829	0.99624013	0.96322106	0.938028418	0.932472626	0.939513052	0.959739535	1.005643577	1.06621563	1.170389157	1.22645348	1.307245813	1.402979225	1.505050643	1.669011612	1.772544679	1.858727322	2.079396967	2.273685865	1.99843784	1.630008683	1.24507065
	1.219718176	1.573113105	1.932599842	2.20534186	2.243015461	1.975147704	1.742479291	1.714117693	1.548551702	1.372021115	1.266833358	1.131826167	1.004333	0.895495735	0.821444343	0.750114977	0.704485254	0.660290117	0.63380257	0.63312387	0.653479776	0.68914634	0.758311603	0.81902599	0.922915266	1.008965889	1.121847899	1.257476947	1.4130438	1.561942879	1.639883815	1.816145156	2.07368687	2.104357235	1.904329917	1.578954528	1.24507065
	1.219718176	1.522564426	1.846160392	2.050334873	2.237400735	1.974654659	1.643676022	1.489827753	1.376385463	1.27574352	1.09810924	0.924650785	0.781434803	0.687547662	0.603178431	0.55282491	0.506086716	0.480478406	0.470422403	0.470196714	0.489755366	0.516848265	0.558738221	0.625407289	0.688012871	0.812678351	0.966636411	1.149141356	1.26640256	1.370542196	1.526537176	1.819110198	2.069600652	1.951338131	1.810477856	1.526749428	1.24507065
	1.219718176	1.471167372	1.718650443	1.901986766	2.020724473	1.986402687	1.676105318	1.376675326	1.134953266	1.029071364	0.915818029	0.746556033	0.604679516	0.508850176	0.446174227	0.40077621	0.366730617	0.331119933	0.335211181	0.340033695	0.358923959	0.389084664	0.416418991	0.485719252	0.569438896	0.67431235	0.791834428	0.922527662	1.046347823	1.251916249	1.541729666	1.844371873	1.879239055	1.819224934	1.68186423	1.473993298	1.24507065
	1.219718176	1.419490659	1.596336156	1.762016261	1.822698791	1.781479292	1.697248241	1.423375365	1.145920382	0.876845516	0.710997571	0.607213285	0.491149091	0.395722988	0.317513117	0.275347029	0.232942995	0.217512798	0.211267647	0.217771907	0.235564927	0.272444655	0.325610827	0.360168995	0.447389681	0.539176363	0.638019908	0.787084366	1.030361013	1.309502071	1.580918823	1.662334085	1.706886628	1.694242551	1.560921307	1.421244721	1.24507065
	1.219718176	1.368059102	1.480197364	1.579933738	1.641892811	1.568090716	1.471392556	1.329201847	1.187808246	0.941374464	0.681851952	0.536619819	0.418297662	0.327345839	0.263460614	0.230514048	0.217921687	0.211591225	0.21690147	0.211589774	0.222659927	0.229259355	0.270720603	0.332516391	0.37923388	0.48931799	0.641859685	0.835960427	1.042524105	1.2303991	1.364626332	1.464170379	1.550322338	1.514709604	1.446861668	1.369013813	1.24507065
	1.219718176	1.317347764	1.370936423	1.411850679	1.397992215	1.344396671	1.277025848	1.133987427	0.996205861	0.801663291	0.602840511	0.457339175	0.348930801	0.269163116	0.232547257	0.219068838	0.220664179	0.222120892	0.222535087	0.22190356	0.215019837	0.218495546	0.232376036	0.274673304	0.342407168	0.423249778	0.547126465	0.708371012	0.861596331	1.030281108	1.184141557	1.253564271	1.32579047	1.347686469	1.340046805	1.317757514	1.24507065
	1.219718176	1.267778427	1.269006946	1.26106333	1.186827247	1.107767066	1.007326309	0.875509097	0.766707544	0.609709421	0.458631484	0.337894081	0.250799607	0.192917656	0.171153101	0.167027459	0.168098497	0.174382578	0.169014123	0.168768846	0.156999145	0.161498508	0.170802748	0.195383286	0.259848002	0.308238697	0.411926982	0.541519523	0.662727797	0.79391848	0.926142867	1.02053548	1.129124012	1.199028548	1.240812366	1.267877178	1.24507065
	1.219718176	1.219718176	1.174647329	1.126760193	1.008450291	0.915492932	0.797182939	0.656337919	0.552112393	0.422535299	0.304225417	0.233802686	0.169014123	0.12957747	0.121126731	0.118309875	0.118309875	0.121126731	0.118309875	0.118309875	0.115492956	0.115492956	0.118309875	0.12957747	0.171830991	0.202816832	0.287324061	0.38028176	0.481690405	0.597183082	0.726760802	0.833803081	0.96338082	1.067605975	1.149296266	1.219718176	1.24507065
