#INFOFILE1.1 - Do not remove this line!
FileIdent = vCUS-USSensorCharacteristic
FileCreator = Continental
Description:
	Utrasonic Sensor Characteristic Map

Type = SPA

Azimuth = 180.0
Elevation = 180.0
DeltaFoV = 5.0
SPA0Range = 0.45

CharacteristicMap:
	0.534310569	0.534310569	0.534310569	0.534310569	0.534310569	0.534310569	0.534310569	0.534310569	0.534310569	0.534310569	0.534310569	0.534310569	0.534310569	0.534310569	0.534310569	0.534310569	0.534310569	0.534310569	0.534310569	0.534310569	0.534310569	0.534310569	0.534310569	0.534310569	0.534310569	0.534310569	0.534310569	0.534310569	0.534310569	0.534310569	0.534310569	0.534310569	0.534310569	0.534310569	0.534310569	0.534310569	0.534310569
	0.679143554	0.703078014	0.725734812	0.746942265	0.766539207	0.784376209	0.800316723	0.814238184	0.826033024	0.835609595	0.843844328	0.849732068	0.853215616	0.854266832	0.852876449	0.849054227	0.842828937	0.834248164	0.823377933	0.809981767	0.794932005	0.778344964	0.760348736	0.741082082	0.720693252	0.699338747	0.677182041	0.654392266	0.631142898	0.607610431	0.583973067	0.560409424	0.537097257	0.514212221	0.491926647	0.470408358	0.449819512
	0.65790662	0.698975557	0.740058159	0.780851029	0.821052167	0.861534145	0.910275428	0.948743362	0.985944104	1.021837736	1.034446194	1.044346264	1.05245309	1.042234409	1.060349891	1.081414693	1.098243242	1.110697947	1.118676887	1.107196432	1.089806171	1.066648289	1.037911954	1.003830957	0.965482891	0.936977355	0.903116033	0.864172937	0.820459609	0.772321731	0.720713542	0.688284044	0.653584967	0.616880774	0.578448479	0.538575719	0.497558885
	0.54130662	0.620826895	0.702327981	0.785237738	0.857321817	0.93383744	1.008667278	1.062620438	1.10313838	1.105691895	1.118144641	1.117085725	1.114817015	1.110074726	1.104564955	1.097650406	1.064233745	1.032970619	1.004132636	0.982337449	0.964342847	0.950300691	0.939993483	0.932863452	0.938279026	0.945410606	0.95419269	0.952859323	0.936077324	0.900826999	0.866220415	0.830489738	0.777466881	0.725468756	0.67153714	0.615814499	0.558702207
	0.482492915	0.598884732	0.716145784	0.828116673	0.922674585	1.015465622	1.113261974	1.090652152	1.079591528	1.06165726	1.084440661	1.137988131	1.173873728	1.183663524	1.197353593	1.212457708	1.2120537	1.215223158	1.211773519	1.194448731	1.169059016	1.137345293	1.085437324	1.023722341	0.965306199	0.925890131	0.883425128	0.871688047	0.857027297	0.835588943	0.815636856	0.782157628	0.751438165	0.718296577	0.655973323	0.59369621	0.533093148
	0.316835308	0.495114228	0.677831583	0.827609147	0.967736661	1.058789713	0.977636563	0.955758501	0.977121916	1.038878838	1.109409416	1.171858923	1.169914424	1.16586748	1.154552343	1.169958446	1.189930857	1.196733476	1.204166783	1.187685114	1.171665683	1.130521237	1.088684216	1.036188151	0.976528778	0.920795504	0.878739337	0.839647269	0.802417756	0.777079043	0.756187076	0.735968828	0.701134603	0.664061405	0.634518047	0.609906087	0.587488269
	0.289472474	0.471602325	0.657475211	0.808819877	0.967729769	0.871285405	0.785761736	0.843378911	0.948183894	1.001633318	1.016885637	1.036886982	1.064098595	1.089840281	1.122431815	1.172388415	1.225468725	1.243732128	1.247152149	1.223730895	1.192156446	1.143656134	1.088096438	1.022192405	0.94785481	0.874836174	0.81907585	0.796116777	0.773547436	0.752097072	0.734307743	0.722202645	0.695643264	0.596872751	0.50727046	0.539477809	0.577278978
	0.216838444	0.435326339	0.62235051	0.715484195	0.757080455	0.654014136	0.650471281	0.774666188	0.804371534	0.825747151	0.851910193	0.880337779	0.965969635	0.981647868	1.029461363	1.101957473	1.155302838	1.189407719	1.197962834	1.16876611	1.126600804	1.073673036	1.000828317	0.924378399	0.848978883	0.757929458	0.673856251	0.647578751	0.673098201	0.683698266	0.655504619	0.645286875	0.660588473	0.579476555	0.426161612	0.410279512	0.439351452
	0.243373008	0.394547416	0.501550713	0.553358925	0.536147225	0.467946152	0.521043007	0.557361002	0.566504483	0.590548376	0.590245158	0.703811515	0.753338296	0.792570464	0.925301157	0.966723797	0.945991343	0.923345899	0.952270383	0.923403833	0.892972825	0.860106812	0.840271725	0.70613336	0.638975593	0.584835675	0.513586425	0.459703271	0.442047315	0.513952661	0.541608207	0.509051617	0.528038768	0.540665096	0.413179251	0.331544074	0.292554936
	0.294457143	0.301849696	0.362966027	0.420538057	0.374100857	0.365857686	0.376993694	0.391174358	0.476078785	0.476306355	0.600528542	0.687155542	0.855843646	0.921670301	1.154020919	1.351903856	1.465222424	1.55792686	1.577372358	1.55175748	1.455994198	1.333263094	1.166660085	0.979780028	0.855828074	0.674681152	0.591492915	0.511082018	0.45455313	0.415333624	0.40743321	0.393399734	0.399474574	0.410449677	0.348987553	0.291752735	0.274921951
	0.210056376	0.248696257	0.320475138	0.362555144	0.327665021	0.389173705	0.412746871	0.466210784	0.572439031	0.700576278	0.87371925	1.112544551	1.345905409	1.630851964	1.931588392	2.230883859	2.449407605	2.591892142	2.631502904	2.57978528	2.453339275	2.25185591	1.972176357	1.688301521	1.413762194	1.144710109	0.946363632	0.795592928	0.6624251	0.560844945	0.499685987	0.453960654	0.431751371	0.414973518	0.367828345	0.299169789	0.252138211
	0.210714727	0.23692275	0.468502007	0.489663674	0.49486301	0.627198616	0.6737628	0.821072373	0.999207796	1.215339466	1.492378992	1.818887945	2.14904614	2.57037492	2.958791285	3.346827216	3.677698962	3.87977562	3.95470151	3.88154075	3.6774317	3.341444874	2.973736834	2.588489524	2.152908751	1.846172544	1.553686037	1.296421364	1.107989502	0.941047657	0.788367051	0.687470351	0.624838385	0.574751785	0.521090515	0.444496896	0.345070383
	0.276253659	0.36876199	0.738905759	0.733553982	0.80102554	0.98970961	1.080532821	1.299417302	1.609168585	1.90964375	2.28537412	2.655834681	3.16168239	3.636958084	4.117917941	4.583840558	4.970946587	5.230585055	5.344392567	5.263882212	4.981440352	4.579024009	4.102415337	3.610625099	3.12475027	2.684674085	2.336697883	2.003019564	1.701840845	1.435084851	1.179445136	1.009560415	0.897283128	0.820105051	0.727025806	0.584286149	0.48191475
	0.377396748	0.610107242	1.002966523	1.003696656	1.144392519	1.360958319	1.572994193	1.902542416	2.296751881	2.70159451	3.158930234	3.685003218	4.217963347	4.759596494	5.260586252	5.718528525	6.158792053	6.447076057	6.576954704	6.47068794	6.184366526	5.791976176	5.298261498	4.743926991	4.217529175	3.727244353	3.251997128	2.79456747	2.401266182	2.042626773	1.658142349	1.390254346	1.217555835	1.094266831	0.956893516	0.691210877	0.640665505
	0.593624158	0.829550611	1.219557535	1.24271761	1.446882598	1.723237638	2.068766937	2.525227321	3.004445768	3.537620463	4.112426029	4.696145797	5.264926185	5.790808361	6.288648953	6.729227629	7.070695078	7.335664158	7.463391405	7.345100057	7.121977793	6.783043111	6.36117155	5.845214462	5.337605252	4.802547007	4.274868628	3.69082435	3.152933825	2.663962053	2.166483928	1.75805227	1.528462223	1.340066902	1.22346213	0.839914328	0.660905691
	0.627196748	1.021148906	1.432554258	1.461142625	1.723215831	2.014821845	2.503785276	3.075692116	3.682958563	4.338718248	5.018825759	5.68117505	6.251700574	6.753092085	7.189626339	7.459589172	7.678884981	7.902170057	8.039475029	7.921517051	7.741965974	7.553079889	7.294997714	6.864027972	6.378488458	5.819554347	5.199268928	4.542533642	3.900686516	3.26932677	2.668544757	2.119294255	1.796916864	1.538500515	1.442916436	1.022024262	0.687515679
	0.601281998	1.102379824	1.621865401	1.550782104	1.942172034	2.23243252	2.813139692	3.49620725	4.206543422	4.98860792	5.809337989	6.514629437	7.069153944	7.51256876	7.82370486	7.966940288	8.075922551	8.11356492	8.219217189	8.138189262	8.098823542	8.054562676	7.96283313	7.670177156	7.219720629	6.680532151	6.017916077	5.266115697	4.463583404	3.74426926	3.056196888	2.413111312	2.004927497	1.688086897	1.600398871	1.127503328	0.78040511
	0.597770732	1.08358454	1.724694457	1.589831544	2.064323724	2.369724071	3.006619884	3.733491599	4.525617858	5.41424431	6.301613359	7.093959206	7.676842013	8.100678307	8.378178278	8.310737792	8.148805926	8.172067774	8.228037166	8.174352244	8.239714883	8.326949897	8.405108148	8.209151293	7.821317614	7.306373075	6.5714805	5.70267699	4.844614213	4.037457646	3.295610599	2.557601144	2.139276433	1.757161987	1.711600233	1.169681654	0.78743856
	0.654047619	1.038000465	1.689297561	1.598356098	2.051510801	2.382214634	3.092320557	3.847045296	4.670420441	5.625335656	6.575995354	7.353867596	7.954590012	8.380513357	8.598799071	8.368915215	8.224229965	8.254629501	8.254617886	8.189472706	8.282652729	8.479465738	8.59429036	8.437679443	8.072689895	7.566926829	6.786034843	5.850353078	4.912794425	4.097535424	3.298485482	2.58	2.139409292	1.730206272	1.701276423	1.129908014	0.75464878
	0.726976074	1.034060251	1.527187304	1.577116619	1.941179225	2.300207384	2.993299942	3.772552354	4.562329436	5.52125278	6.478338282	7.274866174	7.853420638	8.310606498	8.530969297	8.400236262	8.304288302	8.187493434	8.187103368	8.24350719	8.258536191	8.381191676	8.484573476	8.264281907	7.932693824	7.383323422	6.585086568	5.663258148	4.739460247	3.936335497	3.196469158	2.458045148	2.032343951	1.660542914	1.597061309	1.076048451	0.745860395
	0.755152846	1.015411843	1.341162086	1.479468587	1.7481043	2.157863722	2.779550825	3.510388462	4.278787075	5.178801104	6.079157325	6.836503976	7.422606816	7.872862653	8.138382195	8.189955145	8.220171332	8.201631478	8.211637631	8.252379312	8.201619933	8.143109144	8.056591135	7.786468124	7.432782009	6.808777788	6.039753808	5.188079513	4.322148088	3.562178777	2.883549786	2.25865253	1.825479795	1.515293558	1.40081499	1.036196952	0.681873171
	0.677216957	0.894540714	1.159618482	1.31188912	1.549604116	1.89580613	2.443444375	3.081268969	3.821831737	4.591768052	5.383794125	6.114305489	6.718995247	7.190192543	7.509375281	7.704344552	7.843807822	7.999363485	8.124432056	8.025917559	7.853817136	7.647143699	7.402661876	7.037186563	6.566186682	6.008293803	5.253508755	4.489429247	3.722183227	3.056163173	2.462045528	1.952094034	1.574007171	1.291956427	1.238063507	0.903451612	0.557590708
	0.520072242	0.681727431	0.988469088	1.08454763	1.315889433	1.594208305	2.012117599	2.571607777	3.173890316	3.808869254	4.483875181	5.166633544	5.786016697	6.264289141	6.625405323	6.925208349	7.129946493	7.347827447	7.449858304	7.379396373	7.206386989	6.941005669	6.507341849	6.066619788	5.572338259	4.982605048	4.345061017	3.65898194	3.049859978	2.486685293	1.980417539	1.577070071	1.299114232	1.04771226	1.033983128	0.682982974	0.360812079
	0.332468757	0.491463192	0.794955928	0.844763883	1.045818848	1.283980546	1.570757987	1.968119566	2.438983365	2.983842301	3.552598947	4.143680015	4.693019965	5.171650692	5.570148009	5.864747507	6.146287826	6.411161875	6.513519164	6.505570808	6.289561568	5.936483303	5.471052558	4.988378251	4.445470991	3.907242998	3.381166139	2.784646416	2.335843197	1.891375853	1.501623149	1.192732114	0.977939052	0.809998778	0.742231396	0.477511779	0.33081928
	0.227878513	0.372948625	0.637225103	0.637154368	0.725670601	0.967180703	1.130686976	1.414775422	1.792760608	2.228523203	2.681083278	3.118752514	3.608958301	4.034705061	4.38030512	4.681694394	4.94210387	5.130387016	5.245423926	5.22825206	5.048300468	4.696096835	4.278101467	3.787070748	3.340661157	2.875342586	2.448911983	2.036737009	1.675780359	1.321125875	1.029670037	0.822886057	0.695500595	0.591231016	0.478108302	0.348859265	0.311697793
	0.290715447	0.282148333	0.432948835	0.477838556	0.445008621	0.66431432	0.754980476	0.948822239	1.208933564	1.517453975	1.87713628	2.241403817	2.578480497	2.935518461	3.195013364	3.414607196	3.608752659	3.758924098	3.823022067	3.816071115	3.648052517	3.390563175	3.040833419	2.691747138	2.305016323	2.000369139	1.662786223	1.362744443	1.124623834	0.882576699	0.695818075	0.566325039	0.485926284	0.446940367	0.390801965	0.306665806	0.246084739
	0.310581417	0.247033447	0.290659924	0.334727686	0.350860851	0.424360786	0.504058092	0.609701955	0.805176139	1.030461303	1.250410382	1.505564261	1.747630297	1.96583212	2.140364745	2.287481992	2.384076831	2.449983833	2.48775842	2.482496933	2.368242362	2.213663835	1.996068971	1.758081156	1.523158602	1.297560188	1.090754018	0.908593306	0.746606232	0.621467478	0.534799241	0.457170162	0.392191757	0.402705446	0.360261188	0.28887441	0.196821533
	0.31709036	0.290481155	0.348412988	0.444100728	0.398699553	0.397807888	0.450424803	0.520738625	0.617272056	0.730211956	0.866145189	0.992456013	1.137940573	1.241195	1.371964866	1.462312006	1.476761655	1.454933377	1.460143089	1.437711575	1.400150925	1.342975054	1.217344193	1.040858365	0.997669107	0.855994738	0.778117529	0.660471494	0.577432118	0.523429442	0.49299746	0.457780241	0.422775437	0.454617317	0.389847528	0.310601953	0.191220999
	0.26538072	0.382735956	0.48703989	0.568762608	0.521843991	0.513819556	0.596187064	0.621648551	0.621443779	0.667506928	0.713988677	0.812766027	0.878665474	0.93580744	1.004790021	1.041322459	1.064481123	1.046340464	1.013704994	0.976086716	0.966464573	0.949194425	0.873229072	0.775022623	0.776248343	0.72087898	0.642821851	0.617987498	0.548402759	0.583529893	0.595996076	0.556598562	0.565953206	0.62355612	0.484595477	0.364427341	0.274251336
	0.270119861	0.438616058	0.595438738	0.691377125	0.703774483	0.621875925	0.660320828	0.766901803	0.808712022	0.822513531	0.850395102	0.890949874	0.929703536	0.945748167	0.960006344	0.977284492	0.993510019	1.00566672	1.012339605	0.998963059	0.971398218	0.936605005	0.878270779	0.857897683	0.833912492	0.771443991	0.745529973	0.720692457	0.709975407	0.725419545	0.717720732	0.699635742	0.71412477	0.700747915	0.611929608	0.475339064	0.326573751
	0.260419977	0.389855652	0.52337462	0.668986757	0.81958742	0.78055597	0.723984716	0.781605845	0.872291282	0.929809711	0.935244047	0.938009123	0.95740112	0.992342474	1.023918471	1.049812216	1.072005187	1.081154514	1.084178397	1.06550298	1.043430745	1.012215153	0.974997765	0.932812175	0.89912445	0.870879348	0.858027497	0.846911058	0.812894795	0.823694748	0.810736313	0.773145836	0.787102696	0.774283687	0.733539572	0.595698668	0.461808595
	0.360053659	0.479123218	0.597711204	0.703186355	0.798226121	0.876265133	0.866318137	0.857611205	0.878046572	0.937003781	0.994721639	1.040373151	1.038269624	1.039238699	1.043438548	1.050837897	1.059383017	1.058332923	1.060272242	1.0496265	1.041458417	1.030180231	1.018955651	1.001348992	0.990567039	0.989383	0.936895098	0.888519621	0.875585333	0.867728808	0.866090076	0.831066835	0.786234321	0.819352311	0.799075242	0.691363934	0.580173519
	0.502604181	0.553472698	0.605248891	0.65883604	0.739065171	0.819454126	0.897909024	0.908638222	0.912664724	0.914915214	0.921260939	0.95867621	0.992228638	1.030498881	1.067105662	1.095483498	1.109465072	1.117194098	1.117783972	1.106405569	1.088080486	1.065746224	1.02744818	0.99423927	0.976785835	0.940097822	0.902957924	0.894186476	0.911508116	0.924817242	0.908033375	0.826797199	0.792567155	0.757316223	0.67519479	0.586859409	0.497224623
	0.556476887	0.592382651	0.628660325	0.665053344	0.702783468	0.761260833	0.817676644	0.87224848	0.924644676	0.945924919	0.943771479	0.93421519	0.925043167	0.916329092	0.918310008	0.911032793	0.903303627	0.898054199	0.89533194	0.900571181	0.908489183	0.919015377	0.923779504	0.935631038	0.948745091	0.945689319	0.939704445	0.935346599	0.929372316	0.89423107	0.84982624	0.79112502	0.731299628	0.671888816	0.604038248	0.537406815	0.472462021
	0.524822532	0.559051821	0.592786904	0.625777803	0.657778919	0.688550536	0.717860379	0.760550682	0.8008453	0.838030637	0.871815393	0.901932067	0.928139693	0.952913232	0.97364894	0.990037855	1.001945271	1.009272829	1.011959814	1.004170734	0.991941379	0.975371846	0.954597628	0.931924767	0.915033102	0.88655408	0.855435402	0.822636735	0.803261302	0.781877807	0.758631082	0.732833723	0.70259135	0.670804014	0.638087615	0.604685567	0.570845296
	0.436203949	0.459796563	0.483304622	0.506550514	0.529358472	0.551555837	0.57297431	0.593451187	0.612830577	0.630964595	0.647714505	0.662951835	0.676559413	0.688432349	0.698478916	0.706621347	0.712796517	0.716956497	0.71906899	0.719764264	0.718318806	0.714743969	0.70906766	0.701334074	0.691603295	0.67995075	0.666466543	0.651387884	0.646743799	0.640520861	0.632767881	0.623545162	0.612923955	0.600985842	0.587822071	0.573532828	0.558226481
	0.439192334	0.439192334	0.439192334	0.439192334	0.439192334	0.439192334	0.439192334	0.439192334	0.439192334	0.439192334	0.439192334	0.439192334	0.439192334	0.439192334	0.439192334	0.439192334	0.439192334	0.439192334	0.439192334	0.439192334	0.439192334	0.439192334	0.439192334	0.439192334	0.439192334	0.439192334	0.439192334	0.439192334	0.439192334	0.439192334	0.439192334	0.439192334	0.439192334	0.439192334	0.439192334	0.439192334	0.439192334
